Time taken for small dataset: 0.006731 seconds
Small Dataset Accuracy: 0.91
Time taken for large dataset: 0.658273 seconds
Large Dataset Accuracy: 0.947
Please enter total number of features: 40
Enter 0 for small dataset, 1 for large: 1
Type the number of the algorithm you want to run:
1. Forward Selection
2. Backward Elimination
3. Exit
2
Using all features {1,2,3,4,5,6,7,8,9,10,11,12,13,14,15,16,17,18,19,20,21,22,23,24,25,26,27,28,29,30,31,32,33,34,35,36,37,38,39,40}, initial accuracy is 71.9%
Using feature(s) {2,3,4,5,6,7,8,9,10,11,12,13,14,15,16,17,18,19,20,21,22,23,24,25,26,27,28,29,30,31,32,33,34,35,36,37,38,39,40} accuracy is 73%
Using feature(s) {1,3,4,5,6,7,8,9,10,11,12,13,14,15,16,17,18,19,20,21,22,23,24,25,26,27,28,29,30,31,32,33,34,35,36,37,38,39,40} accuracy is 71.1%
Using feature(s) {1,2,4,5,6,7,8,9,10,11,12,13,14,15,16,17,18,19,20,21,22,23,24,25,26,27,28,29,30,31,32,33,34,35,36,37,38,39,40} accuracy is 72.6%
Using feature(s) {1,2,3,5,6,7,8,9,10,11,12,13,14,15,16,17,18,19,20,21,22,23,24,25,26,27,28,29,30,31,32,33,34,35,36,37,38,39,40} accuracy is 72%
Using feature(s) {1,2,3,4,6,7,8,9,10,11,12,13,14,15,16,17,18,19,20,21,22,23,24,25,26,27,28,29,30,31,32,33,34,35,36,37,38,39,40} accuracy is 71.9%
Using feature(s) {1,2,3,4,5,7,8,9,10,11,12,13,14,15,16,17,18,19,20,21,22,23,24,25,26,27,28,29,30,31,32,33,34,35,36,37,38,39,40} accuracy is 73.7%
Using feature(s) {1,2,3,4,5,6,8,9,10,11,12,13,14,15,16,17,18,19,20,21,22,23,24,25,26,27,28,29,30,31,32,33,34,35,36,37,38,39,40} accuracy is 70.4%
Using feature(s) {1,2,3,4,5,6,7,9,10,11,12,13,14,15,16,17,18,19,20,21,22,23,24,25,26,27,28,29,30,31,32,33,34,35,36,37,38,39,40} accuracy is 72.3%
Using feature(s) {1,2,3,4,5,6,7,8,10,11,12,13,14,15,16,17,18,19,20,21,22,23,24,25,26,27,28,29,30,31,32,33,34,35,36,37,38,39,40} accuracy is 71.6%
Using feature(s) {1,2,3,4,5,6,7,8,9,11,12,13,14,15,16,17,18,19,20,21,22,23,24,25,26,27,28,29,30,31,32,33,34,35,36,37,38,39,40} accuracy is 72.8%
Using feature(s) {1,2,3,4,5,6,7,8,9,10,12,13,14,15,16,17,18,19,20,21,22,23,24,25,26,27,28,29,30,31,32,33,34,35,36,37,38,39,40} accuracy is 72.2%
Using feature(s) {1,2,3,4,5,6,7,8,9,10,11,13,14,15,16,17,18,19,20,21,22,23,24,25,26,27,28,29,30,31,32,33,34,35,36,37,38,39,40} accuracy is 71.1%
Using feature(s) {1,2,3,4,5,6,7,8,9,10,11,12,14,15,16,17,18,19,20,21,22,23,24,25,26,27,28,29,30,31,32,33,34,35,36,37,38,39,40} accuracy is 71.6%
Using feature(s) {1,2,3,4,5,6,7,8,9,10,11,12,13,15,16,17,18,19,20,21,22,23,24,25,26,27,28,29,30,31,32,33,34,35,36,37,38,39,40} accuracy is 71.2%
Using feature(s) {1,2,3,4,5,6,7,8,9,10,11,12,13,14,16,17,18,19,20,21,22,23,24,25,26,27,28,29,30,31,32,33,34,35,36,37,38,39,40} accuracy is 72.6%
Using feature(s) {1,2,3,4,5,6,7,8,9,10,11,12,13,14,15,17,18,19,20,21,22,23,24,25,26,27,28,29,30,31,32,33,34,35,36,37,38,39,40} accuracy is 72.6%
Using feature(s) {1,2,3,4,5,6,7,8,9,10,11,12,13,14,15,16,18,19,20,21,22,23,24,25,26,27,28,29,30,31,32,33,34,35,36,37,38,39,40} accuracy is 71%
Using feature(s) {1,2,3,4,5,6,7,8,9,10,11,12,13,14,15,16,17,19,20,21,22,23,24,25,26,27,28,29,30,31,32,33,34,35,36,37,38,39,40} accuracy is 72.4%
Using feature(s) {1,2,3,4,5,6,7,8,9,10,11,12,13,14,15,16,17,18,20,21,22,23,24,25,26,27,28,29,30,31,32,33,34,35,36,37,38,39,40} accuracy is 74.1%
Using feature(s) {1,2,3,4,5,6,7,8,9,10,11,12,13,14,15,16,17,18,19,21,22,23,24,25,26,27,28,29,30,31,32,33,34,35,36,37,38,39,40} accuracy is 71%
Using feature(s) {1,2,3,4,5,6,7,8,9,10,11,12,13,14,15,16,17,18,19,20,22,23,24,25,26,27,28,29,30,31,32,33,34,35,36,37,38,39,40} accuracy is 70.7%
Using feature(s) {1,2,3,4,5,6,7,8,9,10,11,12,13,14,15,16,17,18,19,20,21,23,24,25,26,27,28,29,30,31,32,33,34,35,36,37,38,39,40} accuracy is 71.7%
Using feature(s) {1,2,3,4,5,6,7,8,9,10,11,12,13,14,15,16,17,18,19,20,21,22,24,25,26,27,28,29,30,31,32,33,34,35,36,37,38,39,40} accuracy is 72.6%
Using feature(s) {1,2,3,4,5,6,7,8,9,10,11,12,13,14,15,16,17,18,19,20,21,22,23,25,26,27,28,29,30,31,32,33,34,35,36,37,38,39,40} accuracy is 72.6%
Using feature(s) {1,2,3,4,5,6,7,8,9,10,11,12,13,14,15,16,17,18,19,20,21,22,23,24,26,27,28,29,30,31,32,33,34,35,36,37,38,39,40} accuracy is 71.6%
Using feature(s) {1,2,3,4,5,6,7,8,9,10,11,12,13,14,15,16,17,18,19,20,21,22,23,24,25,27,28,29,30,31,32,33,34,35,36,37,38,39,40} accuracy is 72.6%
Using feature(s) {1,2,3,4,5,6,7,8,9,10,11,12,13,14,15,16,17,18,19,20,21,22,23,24,25,26,28,29,30,31,32,33,34,35,36,37,38,39,40} accuracy is 71.9%
Using feature(s) {1,2,3,4,5,6,7,8,9,10,11,12,13,14,15,16,17,18,19,20,21,22,23,24,25,26,27,29,30,31,32,33,34,35,36,37,38,39,40} accuracy is 71.9%
Using feature(s) {1,2,3,4,5,6,7,8,9,10,11,12,13,14,15,16,17,18,19,20,21,22,23,24,25,26,27,28,30,31,32,33,34,35,36,37,38,39,40} accuracy is 72.5%
Using feature(s) {1,2,3,4,5,6,7,8,9,10,11,12,13,14,15,16,17,18,19,20,21,22,23,24,25,26,27,28,29,31,32,33,34,35,36,37,38,39,40} accuracy is 72.4%
Using feature(s) {1,2,3,4,5,6,7,8,9,10,11,12,13,14,15,16,17,18,19,20,21,22,23,24,25,26,27,28,29,30,32,33,34,35,36,37,38,39,40} accuracy is 71.9%
Using feature(s) {1,2,3,4,5,6,7,8,9,10,11,12,13,14,15,16,17,18,19,20,21,22,23,24,25,26,27,28,29,30,31,33,34,35,36,37,38,39,40} accuracy is 72.3%
Using feature(s) {1,2,3,4,5,6,7,8,9,10,11,12,13,14,15,16,17,18,19,20,21,22,23,24,25,26,27,28,29,30,31,32,34,35,36,37,38,39,40} accuracy is 71.3%
Using feature(s) {1,2,3,4,5,6,7,8,9,10,11,12,13,14,15,16,17,18,19,20,21,22,23,24,25,26,27,28,29,30,31,32,33,35,36,37,38,39,40} accuracy is 71.6%
Using feature(s) {1,2,3,4,5,6,7,8,9,10,11,12,13,14,15,16,17,18,19,20,21,22,23,24,25,26,27,28,29,30,31,32,33,34,36,37,38,39,40} accuracy is 71.4%
Using feature(s) {1,2,3,4,5,6,7,8,9,10,11,12,13,14,15,16,17,18,19,20,21,22,23,24,25,26,27,28,29,30,31,32,33,34,35,37,38,39,40} accuracy is 72.6%
Using feature(s) {1,2,3,4,5,6,7,8,9,10,11,12,13,14,15,16,17,18,19,20,21,22,23,24,25,26,27,28,29,30,31,32,33,34,35,36,38,39,40} accuracy is 71.9%
Using feature(s) {1,2,3,4,5,6,7,8,9,10,11,12,13,14,15,16,17,18,19,20,21,22,23,24,25,26,27,28,29,30,31,32,33,34,35,36,37,39,40} accuracy is 71%
Using feature(s) {1,2,3,4,5,6,7,8,9,10,11,12,13,14,15,16,17,18,19,20,21,22,23,24,25,26,27,28,29,30,31,32,33,34,35,36,37,38,40} accuracy is 73.7%
Using feature(s) {1,2,3,4,5,6,7,8,9,10,11,12,13,14,15,16,17,18,19,20,21,22,23,24,25,26,27,28,29,30,31,32,33,34,35,36,37,38,39} accuracy is 72.9%
Feature set {1,2,3,4,5,6,7,8,9,10,11,12,13,14,15,16,17,18,20,21,22,23,24,25,26,27,28,29,30,31,32,33,34,35,36,37,38,39,40} was best, accuracy is 74.1%
Using feature(s) {2,3,4,5,6,7,8,9,10,11,12,13,14,15,16,17,18,20,21,22,23,24,25,26,27,28,29,30,31,32,33,34,35,36,37,38,39,40} accuracy is 74%
Using feature(s) {1,3,4,5,6,7,8,9,10,11,12,13,14,15,16,17,18,20,21,22,23,24,25,26,27,28,29,30,31,32,33,34,35,36,37,38,39,40} accuracy is 72.5%
Using feature(s) {1,2,4,5,6,7,8,9,10,11,12,13,14,15,16,17,18,20,21,22,23,24,25,26,27,28,29,30,31,32,33,34,35,36,37,38,39,40} accuracy is 73%
Using feature(s) {1,2,3,5,6,7,8,9,10,11,12,13,14,15,16,17,18,20,21,22,23,24,25,26,27,28,29,30,31,32,33,34,35,36,37,38,39,40} accuracy is 72.7%
Using feature(s) {1,2,3,4,6,7,8,9,10,11,12,13,14,15,16,17,18,20,21,22,23,24,25,26,27,28,29,30,31,32,33,34,35,36,37,38,39,40} accuracy is 72.4%
Using feature(s) {1,2,3,4,5,7,8,9,10,11,12,13,14,15,16,17,18,20,21,22,23,24,25,26,27,28,29,30,31,32,33,34,35,36,37,38,39,40} accuracy is 72.9%
Using feature(s) {1,2,3,4,5,6,8,9,10,11,12,13,14,15,16,17,18,20,21,22,23,24,25,26,27,28,29,30,31,32,33,34,35,36,37,38,39,40} accuracy is 71.3%
Using feature(s) {1,2,3,4,5,6,7,9,10,11,12,13,14,15,16,17,18,20,21,22,23,24,25,26,27,28,29,30,31,32,33,34,35,36,37,38,39,40} accuracy is 72.7%
Using feature(s) {1,2,3,4,5,6,7,8,10,11,12,13,14,15,16,17,18,20,21,22,23,24,25,26,27,28,29,30,31,32,33,34,35,36,37,38,39,40} accuracy is 73%
Using feature(s) {1,2,3,4,5,6,7,8,9,11,12,13,14,15,16,17,18,20,21,22,23,24,25,26,27,28,29,30,31,32,33,34,35,36,37,38,39,40} accuracy is 73%
Using feature(s) {1,2,3,4,5,6,7,8,9,10,12,13,14,15,16,17,18,20,21,22,23,24,25,26,27,28,29,30,31,32,33,34,35,36,37,38,39,40} accuracy is 73%
Using feature(s) {1,2,3,4,5,6,7,8,9,10,11,13,14,15,16,17,18,20,21,22,23,24,25,26,27,28,29,30,31,32,33,34,35,36,37,38,39,40} accuracy is 72.8%
Using feature(s) {1,2,3,4,5,6,7,8,9,10,11,12,14,15,16,17,18,20,21,22,23,24,25,26,27,28,29,30,31,32,33,34,35,36,37,38,39,40} accuracy is 72.4%
Using feature(s) {1,2,3,4,5,6,7,8,9,10,11,12,13,15,16,17,18,20,21,22,23,24,25,26,27,28,29,30,31,32,33,34,35,36,37,38,39,40} accuracy is 72.1%
Using feature(s) {1,2,3,4,5,6,7,8,9,10,11,12,13,14,16,17,18,20,21,22,23,24,25,26,27,28,29,30,31,32,33,34,35,36,37,38,39,40} accuracy is 73.5%
Using feature(s) {1,2,3,4,5,6,7,8,9,10,11,12,13,14,15,17,18,20,21,22,23,24,25,26,27,28,29,30,31,32,33,34,35,36,37,38,39,40} accuracy is 73%
Using feature(s) {1,2,3,4,5,6,7,8,9,10,11,12,13,14,15,16,18,20,21,22,23,24,25,26,27,28,29,30,31,32,33,34,35,36,37,38,39,40} accuracy is 72.3%
Using feature(s) {1,2,3,4,5,6,7,8,9,10,11,12,13,14,15,16,17,20,21,22,23,24,25,26,27,28,29,30,31,32,33,34,35,36,37,38,39,40} accuracy is 73.1%
Using feature(s) {1,2,3,4,5,6,7,8,9,10,11,12,13,14,15,16,17,18,21,22,23,24,25,26,27,28,29,30,31,32,33,34,35,36,37,38,39,40} accuracy is 72.6%
Using feature(s) {1,2,3,4,5,6,7,8,9,10,11,12,13,14,15,16,17,18,20,22,23,24,25,26,27,28,29,30,31,32,33,34,35,36,37,38,39,40} accuracy is 71.2%
Using feature(s) {1,2,3,4,5,6,7,8,9,10,11,12,13,14,15,16,17,18,20,21,23,24,25,26,27,28,29,30,31,32,33,34,35,36,37,38,39,40} accuracy is 74%
Using feature(s) {1,2,3,4,5,6,7,8,9,10,11,12,13,14,15,16,17,18,20,21,22,24,25,26,27,28,29,30,31,32,33,34,35,36,37,38,39,40} accuracy is 73.2%
Using feature(s) {1,2,3,4,5,6,7,8,9,10,11,12,13,14,15,16,17,18,20,21,22,23,25,26,27,28,29,30,31,32,33,34,35,36,37,38,39,40} accuracy is 73%
Using feature(s) {1,2,3,4,5,6,7,8,9,10,11,12,13,14,15,16,17,18,20,21,22,23,24,26,27,28,29,30,31,32,33,34,35,36,37,38,39,40} accuracy is 72.5%
Using feature(s) {1,2,3,4,5,6,7,8,9,10,11,12,13,14,15,16,17,18,20,21,22,23,24,25,27,28,29,30,31,32,33,34,35,36,37,38,39,40} accuracy is 74.4%
Using feature(s) {1,2,3,4,5,6,7,8,9,10,11,12,13,14,15,16,17,18,20,21,22,23,24,25,26,28,29,30,31,32,33,34,35,36,37,38,39,40} accuracy is 71.8%
Using feature(s) {1,2,3,4,5,6,7,8,9,10,11,12,13,14,15,16,17,18,20,21,22,23,24,25,26,27,29,30,31,32,33,34,35,36,37,38,39,40} accuracy is 72.7%
Using feature(s) {1,2,3,4,5,6,7,8,9,10,11,12,13,14,15,16,17,18,20,21,22,23,24,25,26,27,28,30,31,32,33,34,35,36,37,38,39,40} accuracy is 72.6%
Using feature(s) {1,2,3,4,5,6,7,8,9,10,11,12,13,14,15,16,17,18,20,21,22,23,24,25,26,27,28,29,31,32,33,34,35,36,37,38,39,40} accuracy is 73.4%
Using feature(s) {1,2,3,4,5,6,7,8,9,10,11,12,13,14,15,16,17,18,20,21,22,23,24,25,26,27,28,29,30,32,33,34,35,36,37,38,39,40} accuracy is 73.2%
Using feature(s) {1,2,3,4,5,6,7,8,9,10,11,12,13,14,15,16,17,18,20,21,22,23,24,25,26,27,28,29,30,31,33,34,35,36,37,38,39,40} accuracy is 73.2%
Using feature(s) {1,2,3,4,5,6,7,8,9,10,11,12,13,14,15,16,17,18,20,21,22,23,24,25,26,27,28,29,30,31,32,34,35,36,37,38,39,40} accuracy is 73.1%
Using feature(s) {1,2,3,4,5,6,7,8,9,10,11,12,13,14,15,16,17,18,20,21,22,23,24,25,26,27,28,29,30,31,32,33,35,36,37,38,39,40} accuracy is 72.4%
Using feature(s) {1,2,3,4,5,6,7,8,9,10,11,12,13,14,15,16,17,18,20,21,22,23,24,25,26,27,28,29,30,31,32,33,34,36,37,38,39,40} accuracy is 73.2%
Using feature(s) {1,2,3,4,5,6,7,8,9,10,11,12,13,14,15,16,17,18,20,21,22,23,24,25,26,27,28,29,30,31,32,33,34,35,37,38,39,40} accuracy is 73.1%
Using feature(s) {1,2,3,4,5,6,7,8,9,10,11,12,13,14,15,16,17,18,20,21,22,23,24,25,26,27,28,29,30,31,32,33,34,35,36,38,39,40} accuracy is 72.9%
Using feature(s) {1,2,3,4,5,6,7,8,9,10,11,12,13,14,15,16,17,18,20,21,22,23,24,25,26,27,28,29,30,31,32,33,34,35,36,37,39,40} accuracy is 71.5%
Using feature(s) {1,2,3,4,5,6,7,8,9,10,11,12,13,14,15,16,17,18,20,21,22,23,24,25,26,27,28,29,30,31,32,33,34,35,36,37,38,40} accuracy is 74.9%
Using feature(s) {1,2,3,4,5,6,7,8,9,10,11,12,13,14,15,16,17,18,20,21,22,23,24,25,26,27,28,29,30,31,32,33,34,35,36,37,38,39} accuracy is 73.2%
Feature set {1,2,3,4,5,6,7,8,9,10,11,12,13,14,15,16,17,18,20,21,22,23,24,25,26,27,28,29,30,31,32,33,34,35,36,37,38,40} was best, accuracy is 74.9%
Using feature(s) {2,3,4,5,6,7,8,9,10,11,12,13,14,15,16,17,18,20,21,22,23,24,25,26,27,28,29,30,31,32,33,34,35,36,37,38,40} accuracy is 74.4%
Using feature(s) {1,3,4,5,6,7,8,9,10,11,12,13,14,15,16,17,18,20,21,22,23,24,25,26,27,28,29,30,31,32,33,34,35,36,37,38,40} accuracy is 74.1%
Using feature(s) {1,2,4,5,6,7,8,9,10,11,12,13,14,15,16,17,18,20,21,22,23,24,25,26,27,28,29,30,31,32,33,34,35,36,37,38,40} accuracy is 73.6%
Using feature(s) {1,2,3,5,6,7,8,9,10,11,12,13,14,15,16,17,18,20,21,22,23,24,25,26,27,28,29,30,31,32,33,34,35,36,37,38,40} accuracy is 73.6%
Using feature(s) {1,2,3,4,6,7,8,9,10,11,12,13,14,15,16,17,18,20,21,22,23,24,25,26,27,28,29,30,31,32,33,34,35,36,37,38,40} accuracy is 73.5%
Using feature(s) {1,2,3,4,5,7,8,9,10,11,12,13,14,15,16,17,18,20,21,22,23,24,25,26,27,28,29,30,31,32,33,34,35,36,37,38,40} accuracy is 75.2%
Using feature(s) {1,2,3,4,5,6,8,9,10,11,12,13,14,15,16,17,18,20,21,22,23,24,25,26,27,28,29,30,31,32,33,34,35,36,37,38,40} accuracy is 73.6%
Using feature(s) {1,2,3,4,5,6,7,9,10,11,12,13,14,15,16,17,18,20,21,22,23,24,25,26,27,28,29,30,31,32,33,34,35,36,37,38,40} accuracy is 74.2%
Using feature(s) {1,2,3,4,5,6,7,8,10,11,12,13,14,15,16,17,18,20,21,22,23,24,25,26,27,28,29,30,31,32,33,34,35,36,37,38,40} accuracy is 73%
Using feature(s) {1,2,3,4,5,6,7,8,9,11,12,13,14,15,16,17,18,20,21,22,23,24,25,26,27,28,29,30,31,32,33,34,35,36,37,38,40} accuracy is 73.2%
Using feature(s) {1,2,3,4,5,6,7,8,9,10,12,13,14,15,16,17,18,20,21,22,23,24,25,26,27,28,29,30,31,32,33,34,35,36,37,38,40} accuracy is 75%
Using feature(s) {1,2,3,4,5,6,7,8,9,10,11,13,14,15,16,17,18,20,21,22,23,24,25,26,27,28,29,30,31,32,33,34,35,36,37,38,40} accuracy is 74.3%
Using feature(s) {1,2,3,4,5,6,7,8,9,10,11,12,14,15,16,17,18,20,21,22,23,24,25,26,27,28,29,30,31,32,33,34,35,36,37,38,40} accuracy is 74.4%
Using feature(s) {1,2,3,4,5,6,7,8,9,10,11,12,13,15,16,17,18,20,21,22,23,24,25,26,27,28,29,30,31,32,33,34,35,36,37,38,40} accuracy is 73.9%
Using feature(s) {1,2,3,4,5,6,7,8,9,10,11,12,13,14,16,17,18,20,21,22,23,24,25,26,27,28,29,30,31,32,33,34,35,36,37,38,40} accuracy is 73.2%
Using feature(s) {1,2,3,4,5,6,7,8,9,10,11,12,13,14,15,17,18,20,21,22,23,24,25,26,27,28,29,30,31,32,33,34,35,36,37,38,40} accuracy is 73.9%
Using feature(s) {1,2,3,4,5,6,7,8,9,10,11,12,13,14,15,16,18,20,21,22,23,24,25,26,27,28,29,30,31,32,33,34,35,36,37,38,40} accuracy is 74%
Using feature(s) {1,2,3,4,5,6,7,8,9,10,11,12,13,14,15,16,17,20,21,22,23,24,25,26,27,28,29,30,31,32,33,34,35,36,37,38,40} accuracy is 74.7%
Using feature(s) {1,2,3,4,5,6,7,8,9,10,11,12,13,14,15,16,17,18,21,22,23,24,25,26,27,28,29,30,31,32,33,34,35,36,37,38,40} accuracy is 73.1%
Using feature(s) {1,2,3,4,5,6,7,8,9,10,11,12,13,14,15,16,17,18,20,22,23,24,25,26,27,28,29,30,31,32,33,34,35,36,37,38,40} accuracy is 73.2%
Using feature(s) {1,2,3,4,5,6,7,8,9,10,11,12,13,14,15,16,17,18,20,21,23,24,25,26,27,28,29,30,31,32,33,34,35,36,37,38,40} accuracy is 75.4%
Using feature(s) {1,2,3,4,5,6,7,8,9,10,11,12,13,14,15,16,17,18,20,21,22,24,25,26,27,28,29,30,31,32,33,34,35,36,37,38,40} accuracy is 74.8%
Using feature(s) {1,2,3,4,5,6,7,8,9,10,11,12,13,14,15,16,17,18,20,21,22,23,25,26,27,28,29,30,31,32,33,34,35,36,37,38,40} accuracy is 74.3%
Using feature(s) {1,2,3,4,5,6,7,8,9,10,11,12,13,14,15,16,17,18,20,21,22,23,24,26,27,28,29,30,31,32,33,34,35,36,37,38,40} accuracy is 73.3%
Using feature(s) {1,2,3,4,5,6,7,8,9,10,11,12,13,14,15,16,17,18,20,21,22,23,24,25,27,28,29,30,31,32,33,34,35,36,37,38,40} accuracy is 74.8%
Using feature(s) {1,2,3,4,5,6,7,8,9,10,11,12,13,14,15,16,17,18,20,21,22,23,24,25,26,28,29,30,31,32,33,34,35,36,37,38,40} accuracy is 73.9%
Using feature(s) {1,2,3,4,5,6,7,8,9,10,11,12,13,14,15,16,17,18,20,21,22,23,24,25,26,27,29,30,31,32,33,34,35,36,37,38,40} accuracy is 74.6%
Using feature(s) {1,2,3,4,5,6,7,8,9,10,11,12,13,14,15,16,17,18,20,21,22,23,24,25,26,27,28,30,31,32,33,34,35,36,37,38,40} accuracy is 73.9%
Using feature(s) {1,2,3,4,5,6,7,8,9,10,11,12,13,14,15,16,17,18,20,21,22,23,24,25,26,27,28,29,31,32,33,34,35,36,37,38,40} accuracy is 74.1%
Using feature(s) {1,2,3,4,5,6,7,8,9,10,11,12,13,14,15,16,17,18,20,21,22,23,24,25,26,27,28,29,30,32,33,34,35,36,37,38,40} accuracy is 74.2%
Using feature(s) {1,2,3,4,5,6,7,8,9,10,11,12,13,14,15,16,17,18,20,21,22,23,24,25,26,27,28,29,30,31,33,34,35,36,37,38,40} accuracy is 74.5%
Using feature(s) {1,2,3,4,5,6,7,8,9,10,11,12,13,14,15,16,17,18,20,21,22,23,24,25,26,27,28,29,30,31,32,34,35,36,37,38,40} accuracy is 73.6%
Using feature(s) {1,2,3,4,5,6,7,8,9,10,11,12,13,14,15,16,17,18,20,21,22,23,24,25,26,27,28,29,30,31,32,33,35,36,37,38,40} accuracy is 73.2%
Using feature(s) {1,2,3,4,5,6,7,8,9,10,11,12,13,14,15,16,17,18,20,21,22,23,24,25,26,27,28,29,30,31,32,33,34,36,37,38,40} accuracy is 73.8%
Using feature(s) {1,2,3,4,5,6,7,8,9,10,11,12,13,14,15,16,17,18,20,21,22,23,24,25,26,27,28,29,30,31,32,33,34,35,37,38,40} accuracy is 75.4%
Using feature(s) {1,2,3,4,5,6,7,8,9,10,11,12,13,14,15,16,17,18,20,21,22,23,24,25,26,27,28,29,30,31,32,33,34,35,36,38,40} accuracy is 73.3%
Using feature(s) {1,2,3,4,5,6,7,8,9,10,11,12,13,14,15,16,17,18,20,21,22,23,24,25,26,27,28,29,30,31,32,33,34,35,36,37,40} accuracy is 73.8%
Using feature(s) {1,2,3,4,5,6,7,8,9,10,11,12,13,14,15,16,17,18,20,21,22,23,24,25,26,27,28,29,30,31,32,33,34,35,36,37,38} accuracy is 73.7%
Feature set {1,2,3,4,5,6,7,8,9,10,11,12,13,14,15,16,17,18,20,21,23,24,25,26,27,28,29,30,31,32,33,34,35,36,37,38,40} was best, accuracy is 75.4%
Using feature(s) {2,3,4,5,6,7,8,9,10,11,12,13,14,15,16,17,18,20,21,23,24,25,26,27,28,29,30,31,32,33,34,35,36,37,38,40} accuracy is 74.4%
Using feature(s) {1,3,4,5,6,7,8,9,10,11,12,13,14,15,16,17,18,20,21,23,24,25,26,27,28,29,30,31,32,33,34,35,36,37,38,40} accuracy is 74.5%
Using feature(s) {1,2,4,5,6,7,8,9,10,11,12,13,14,15,16,17,18,20,21,23,24,25,26,27,28,29,30,31,32,33,34,35,36,37,38,40} accuracy is 73.5%
Using feature(s) {1,2,3,5,6,7,8,9,10,11,12,13,14,15,16,17,18,20,21,23,24,25,26,27,28,29,30,31,32,33,34,35,36,37,38,40} accuracy is 73.5%
Using feature(s) {1,2,3,4,6,7,8,9,10,11,12,13,14,15,16,17,18,20,21,23,24,25,26,27,28,29,30,31,32,33,34,35,36,37,38,40} accuracy is 74.3%
Using feature(s) {1,2,3,4,5,7,8,9,10,11,12,13,14,15,16,17,18,20,21,23,24,25,26,27,28,29,30,31,32,33,34,35,36,37,38,40} accuracy is 73.4%
Using feature(s) {1,2,3,4,5,6,8,9,10,11,12,13,14,15,16,17,18,20,21,23,24,25,26,27,28,29,30,31,32,33,34,35,36,37,38,40} accuracy is 74.7%
Using feature(s) {1,2,3,4,5,6,7,9,10,11,12,13,14,15,16,17,18,20,21,23,24,25,26,27,28,29,30,31,32,33,34,35,36,37,38,40} accuracy is 74.5%
Using feature(s) {1,2,3,4,5,6,7,8,10,11,12,13,14,15,16,17,18,20,21,23,24,25,26,27,28,29,30,31,32,33,34,35,36,37,38,40} accuracy is 74.2%
Using feature(s) {1,2,3,4,5,6,7,8,9,11,12,13,14,15,16,17,18,20,21,23,24,25,26,27,28,29,30,31,32,33,34,35,36,37,38,40} accuracy is 73.9%
Using feature(s) {1,2,3,4,5,6,7,8,9,10,12,13,14,15,16,17,18,20,21,23,24,25,26,27,28,29,30,31,32,33,34,35,36,37,38,40} accuracy is 74.8%
Using feature(s) {1,2,3,4,5,6,7,8,9,10,11,13,14,15,16,17,18,20,21,23,24,25,26,27,28,29,30,31,32,33,34,35,36,37,38,40} accuracy is 74.3%
Using feature(s) {1,2,3,4,5,6,7,8,9,10,11,12,14,15,16,17,18,20,21,23,24,25,26,27,28,29,30,31,32,33,34,35,36,37,38,40} accuracy is 74.3%
Using feature(s) {1,2,3,4,5,6,7,8,9,10,11,12,13,15,16,17,18,20,21,23,24,25,26,27,28,29,30,31,32,33,34,35,36,37,38,40} accuracy is 73.6%
Using feature(s) {1,2,3,4,5,6,7,8,9,10,11,12,13,14,16,17,18,20,21,23,24,25,26,27,28,29,30,31,32,33,34,35,36,37,38,40} accuracy is 73.7%
Using feature(s) {1,2,3,4,5,6,7,8,9,10,11,12,13,14,15,17,18,20,21,23,24,25,26,27,28,29,30,31,32,33,34,35,36,37,38,40} accuracy is 75.2%
Using feature(s) {1,2,3,4,5,6,7,8,9,10,11,12,13,14,15,16,18,20,21,23,24,25,26,27,28,29,30,31,32,33,34,35,36,37,38,40} accuracy is 74.2%
Using feature(s) {1,2,3,4,5,6,7,8,9,10,11,12,13,14,15,16,17,20,21,23,24,25,26,27,28,29,30,31,32,33,34,35,36,37,38,40} accuracy is 75%
Using feature(s) {1,2,3,4,5,6,7,8,9,10,11,12,13,14,15,16,17,18,21,23,24,25,26,27,28,29,30,31,32,33,34,35,36,37,38,40} accuracy is 73.5%
Using feature(s) {1,2,3,4,5,6,7,8,9,10,11,12,13,14,15,16,17,18,20,23,24,25,26,27,28,29,30,31,32,33,34,35,36,37,38,40} accuracy is 71.9%
Using feature(s) {1,2,3,4,5,6,7,8,9,10,11,12,13,14,15,16,17,18,20,21,24,25,26,27,28,29,30,31,32,33,34,35,36,37,38,40} accuracy is 74.2%
Using feature(s) {1,2,3,4,5,6,7,8,9,10,11,12,13,14,15,16,17,18,20,21,23,25,26,27,28,29,30,31,32,33,34,35,36,37,38,40} accuracy is 73.4%
Using feature(s) {1,2,3,4,5,6,7,8,9,10,11,12,13,14,15,16,17,18,20,21,23,24,26,27,28,29,30,31,32,33,34,35,36,37,38,40} accuracy is 73%
Using feature(s) {1,2,3,4,5,6,7,8,9,10,11,12,13,14,15,16,17,18,20,21,23,24,25,27,28,29,30,31,32,33,34,35,36,37,38,40} accuracy is 74.7%
Using feature(s) {1,2,3,4,5,6,7,8,9,10,11,12,13,14,15,16,17,18,20,21,23,24,25,26,28,29,30,31,32,33,34,35,36,37,38,40} accuracy is 72.7%
Using feature(s) {1,2,3,4,5,6,7,8,9,10,11,12,13,14,15,16,17,18,20,21,23,24,25,26,27,29,30,31,32,33,34,35,36,37,38,40} accuracy is 73.6%
Using feature(s) {1,2,3,4,5,6,7,8,9,10,11,12,13,14,15,16,17,18,20,21,23,24,25,26,27,28,30,31,32,33,34,35,36,37,38,40} accuracy is 74.5%
Using feature(s) {1,2,3,4,5,6,7,8,9,10,11,12,13,14,15,16,17,18,20,21,23,24,25,26,27,28,29,31,32,33,34,35,36,37,38,40} accuracy is 75.6%
Using feature(s) {1,2,3,4,5,6,7,8,9,10,11,12,13,14,15,16,17,18,20,21,23,24,25,26,27,28,29,30,32,33,34,35,36,37,38,40} accuracy is 73.6%
Using feature(s) {1,2,3,4,5,6,7,8,9,10,11,12,13,14,15,16,17,18,20,21,23,24,25,26,27,28,29,30,31,33,34,35,36,37,38,40} accuracy is 75.2%
Using feature(s) {1,2,3,4,5,6,7,8,9,10,11,12,13,14,15,16,17,18,20,21,23,24,25,26,27,28,29,30,31,32,34,35,36,37,38,40} accuracy is 74.1%
Using feature(s) {1,2,3,4,5,6,7,8,9,10,11,12,13,14,15,16,17,18,20,21,23,24,25,26,27,28,29,30,31,32,33,35,36,37,38,40} accuracy is 73.8%
Using feature(s) {1,2,3,4,5,6,7,8,9,10,11,12,13,14,15,16,17,18,20,21,23,24,25,26,27,28,29,30,31,32,33,34,36,37,38,40} accuracy is 73.2%
Using feature(s) {1,2,3,4,5,6,7,8,9,10,11,12,13,14,15,16,17,18,20,21,23,24,25,26,27,28,29,30,31,32,33,34,35,37,38,40} accuracy is 75.4%
Using feature(s) {1,2,3,4,5,6,7,8,9,10,11,12,13,14,15,16,17,18,20,21,23,24,25,26,27,28,29,30,31,32,33,34,35,36,38,40} accuracy is 73.8%
Using feature(s) {1,2,3,4,5,6,7,8,9,10,11,12,13,14,15,16,17,18,20,21,23,24,25,26,27,28,29,30,31,32,33,34,35,36,37,40} accuracy is 73.2%
Using feature(s) {1,2,3,4,5,6,7,8,9,10,11,12,13,14,15,16,17,18,20,21,23,24,25,26,27,28,29,30,31,32,33,34,35,36,37,38} accuracy is 73.8%
Feature set {1,2,3,4,5,6,7,8,9,10,11,12,13,14,15,16,17,18,20,21,23,24,25,26,27,28,29,31,32,33,34,35,36,37,38,40} was best, accuracy is 75.6%
Using feature(s) {2,3,4,5,6,7,8,9,10,11,12,13,14,15,16,17,18,20,21,23,24,25,26,27,28,29,31,32,33,34,35,36,37,38,40} accuracy is 74.5%
Using feature(s) {1,3,4,5,6,7,8,9,10,11,12,13,14,15,16,17,18,20,21,23,24,25,26,27,28,29,31,32,33,34,35,36,37,38,40} accuracy is 73.9%
Using feature(s) {1,2,4,5,6,7,8,9,10,11,12,13,14,15,16,17,18,20,21,23,24,25,26,27,28,29,31,32,33,34,35,36,37,38,40} accuracy is 73.2%
Using feature(s) {1,2,3,5,6,7,8,9,10,11,12,13,14,15,16,17,18,20,21,23,24,25,26,27,28,29,31,32,33,34,35,36,37,38,40} accuracy is 72.7%
Using feature(s) {1,2,3,4,6,7,8,9,10,11,12,13,14,15,16,17,18,20,21,23,24,25,26,27,28,29,31,32,33,34,35,36,37,38,40} accuracy is 74.2%
Using feature(s) {1,2,3,4,5,7,8,9,10,11,12,13,14,15,16,17,18,20,21,23,24,25,26,27,28,29,31,32,33,34,35,36,37,38,40} accuracy is 74.5%
Using feature(s) {1,2,3,4,5,6,8,9,10,11,12,13,14,15,16,17,18,20,21,23,24,25,26,27,28,29,31,32,33,34,35,36,37,38,40} accuracy is 74.7%
Using feature(s) {1,2,3,4,5,6,7,9,10,11,12,13,14,15,16,17,18,20,21,23,24,25,26,27,28,29,31,32,33,34,35,36,37,38,40} accuracy is 73.6%
Using feature(s) {1,2,3,4,5,6,7,8,10,11,12,13,14,15,16,17,18,20,21,23,24,25,26,27,28,29,31,32,33,34,35,36,37,38,40} accuracy is 74.1%
Using feature(s) {1,2,3,4,5,6,7,8,9,11,12,13,14,15,16,17,18,20,21,23,24,25,26,27,28,29,31,32,33,34,35,36,37,38,40} accuracy is 74.5%
Using feature(s) {1,2,3,4,5,6,7,8,9,10,12,13,14,15,16,17,18,20,21,23,24,25,26,27,28,29,31,32,33,34,35,36,37,38,40} accuracy is 74.1%
Using feature(s) {1,2,3,4,5,6,7,8,9,10,11,13,14,15,16,17,18,20,21,23,24,25,26,27,28,29,31,32,33,34,35,36,37,38,40} accuracy is 73%
Using feature(s) {1,2,3,4,5,6,7,8,9,10,11,12,14,15,16,17,18,20,21,23,24,25,26,27,28,29,31,32,33,34,35,36,37,38,40} accuracy is 73.6%
Using feature(s) {1,2,3,4,5,6,7,8,9,10,11,12,13,15,16,17,18,20,21,23,24,25,26,27,28,29,31,32,33,34,35,36,37,38,40} accuracy is 73%
Using feature(s) {1,2,3,4,5,6,7,8,9,10,11,12,13,14,16,17,18,20,21,23,24,25,26,27,28,29,31,32,33,34,35,36,37,38,40} accuracy is 73.3%
Using feature(s) {1,2,3,4,5,6,7,8,9,10,11,12,13,14,15,17,18,20,21,23,24,25,26,27,28,29,31,32,33,34,35,36,37,38,40} accuracy is 75%
Using feature(s) {1,2,3,4,5,6,7,8,9,10,11,12,13,14,15,16,18,20,21,23,24,25,26,27,28,29,31,32,33,34,35,36,37,38,40} accuracy is 75%
Using feature(s) {1,2,3,4,5,6,7,8,9,10,11,12,13,14,15,16,17,20,21,23,24,25,26,27,28,29,31,32,33,34,35,36,37,38,40} accuracy is 74.7%
Using feature(s) {1,2,3,4,5,6,7,8,9,10,11,12,13,14,15,16,17,18,21,23,24,25,26,27,28,29,31,32,33,34,35,36,37,38,40} accuracy is 73%
Using feature(s) {1,2,3,4,5,6,7,8,9,10,11,12,13,14,15,16,17,18,20,23,24,25,26,27,28,29,31,32,33,34,35,36,37,38,40} accuracy is 72.6%
Using feature(s) {1,2,3,4,5,6,7,8,9,10,11,12,13,14,15,16,17,18,20,21,24,25,26,27,28,29,31,32,33,34,35,36,37,38,40} accuracy is 74.9%
Using feature(s) {1,2,3,4,5,6,7,8,9,10,11,12,13,14,15,16,17,18,20,21,23,25,26,27,28,29,31,32,33,34,35,36,37,38,40} accuracy is 74%
Using feature(s) {1,2,3,4,5,6,7,8,9,10,11,12,13,14,15,16,17,18,20,21,23,24,26,27,28,29,31,32,33,34,35,36,37,38,40} accuracy is 73.6%
Using feature(s) {1,2,3,4,5,6,7,8,9,10,11,12,13,14,15,16,17,18,20,21,23,24,25,27,28,29,31,32,33,34,35,36,37,38,40} accuracy is 74.3%
Using feature(s) {1,2,3,4,5,6,7,8,9,10,11,12,13,14,15,16,17,18,20,21,23,24,25,26,28,29,31,32,33,34,35,36,37,38,40} accuracy is 74%
Using feature(s) {1,2,3,4,5,6,7,8,9,10,11,12,13,14,15,16,17,18,20,21,23,24,25,26,27,29,31,32,33,34,35,36,37,38,40} accuracy is 74.2%
Using feature(s) {1,2,3,4,5,6,7,8,9,10,11,12,13,14,15,16,17,18,20,21,23,24,25,26,27,28,31,32,33,34,35,36,37,38,40} accuracy is 73.9%
Using feature(s) {1,2,3,4,5,6,7,8,9,10,11,12,13,14,15,16,17,18,20,21,23,24,25,26,27,28,29,32,33,34,35,36,37,38,40} accuracy is 73.9%
Using feature(s) {1,2,3,4,5,6,7,8,9,10,11,12,13,14,15,16,17,18,20,21,23,24,25,26,27,28,29,31,33,34,35,36,37,38,40} accuracy is 75.3%
Using feature(s) {1,2,3,4,5,6,7,8,9,10,11,12,13,14,15,16,17,18,20,21,23,24,25,26,27,28,29,31,32,34,35,36,37,38,40} accuracy is 73.2%
Using feature(s) {1,2,3,4,5,6,7,8,9,10,11,12,13,14,15,16,17,18,20,21,23,24,25,26,27,28,29,31,32,33,35,36,37,38,40} accuracy is 73.4%
Using feature(s) {1,2,3,4,5,6,7,8,9,10,11,12,13,14,15,16,17,18,20,21,23,24,25,26,27,28,29,31,32,33,34,36,37,38,40} accuracy is 73.8%
Using feature(s) {1,2,3,4,5,6,7,8,9,10,11,12,13,14,15,16,17,18,20,21,23,24,25,26,27,28,29,31,32,33,34,35,37,38,40} accuracy is 76.2%
Using feature(s) {1,2,3,4,5,6,7,8,9,10,11,12,13,14,15,16,17,18,20,21,23,24,25,26,27,28,29,31,32,33,34,35,36,38,40} accuracy is 73.9%
Using feature(s) {1,2,3,4,5,6,7,8,9,10,11,12,13,14,15,16,17,18,20,21,23,24,25,26,27,28,29,31,32,33,34,35,36,37,40} accuracy is 74.6%
Using feature(s) {1,2,3,4,5,6,7,8,9,10,11,12,13,14,15,16,17,18,20,21,23,24,25,26,27,28,29,31,32,33,34,35,36,37,38} accuracy is 72.9%
Feature set {1,2,3,4,5,6,7,8,9,10,11,12,13,14,15,16,17,18,20,21,23,24,25,26,27,28,29,31,32,33,34,35,37,38,40} was best, accuracy is 76.2%
Using feature(s) {2,3,4,5,6,7,8,9,10,11,12,13,14,15,16,17,18,20,21,23,24,25,26,27,28,29,31,32,33,34,35,37,38,40} accuracy is 74.7%
Using feature(s) {1,3,4,5,6,7,8,9,10,11,12,13,14,15,16,17,18,20,21,23,24,25,26,27,28,29,31,32,33,34,35,37,38,40} accuracy is 75.8%
Using feature(s) {1,2,4,5,6,7,8,9,10,11,12,13,14,15,16,17,18,20,21,23,24,25,26,27,28,29,31,32,33,34,35,37,38,40} accuracy is 75.7%
Using feature(s) {1,2,3,5,6,7,8,9,10,11,12,13,14,15,16,17,18,20,21,23,24,25,26,27,28,29,31,32,33,34,35,37,38,40} accuracy is 75.3%
Using feature(s) {1,2,3,4,6,7,8,9,10,11,12,13,14,15,16,17,18,20,21,23,24,25,26,27,28,29,31,32,33,34,35,37,38,40} accuracy is 75.8%
Using feature(s) {1,2,3,4,5,7,8,9,10,11,12,13,14,15,16,17,18,20,21,23,24,25,26,27,28,29,31,32,33,34,35,37,38,40} accuracy is 75.2%
Using feature(s) {1,2,3,4,5,6,8,9,10,11,12,13,14,15,16,17,18,20,21,23,24,25,26,27,28,29,31,32,33,34,35,37,38,40} accuracy is 75.5%
Using feature(s) {1,2,3,4,5,6,7,9,10,11,12,13,14,15,16,17,18,20,21,23,24,25,26,27,28,29,31,32,33,34,35,37,38,40} accuracy is 75.3%
Using feature(s) {1,2,3,4,5,6,7,8,10,11,12,13,14,15,16,17,18,20,21,23,24,25,26,27,28,29,31,32,33,34,35,37,38,40} accuracy is 75.6%
Using feature(s) {1,2,3,4,5,6,7,8,9,11,12,13,14,15,16,17,18,20,21,23,24,25,26,27,28,29,31,32,33,34,35,37,38,40} accuracy is 75.7%
Using feature(s) {1,2,3,4,5,6,7,8,9,10,12,13,14,15,16,17,18,20,21,23,24,25,26,27,28,29,31,32,33,34,35,37,38,40} accuracy is 75.6%
Using feature(s) {1,2,3,4,5,6,7,8,9,10,11,13,14,15,16,17,18,20,21,23,24,25,26,27,28,29,31,32,33,34,35,37,38,40} accuracy is 75%
Using feature(s) {1,2,3,4,5,6,7,8,9,10,11,12,14,15,16,17,18,20,21,23,24,25,26,27,28,29,31,32,33,34,35,37,38,40} accuracy is 75.4%
Using feature(s) {1,2,3,4,5,6,7,8,9,10,11,12,13,15,16,17,18,20,21,23,24,25,26,27,28,29,31,32,33,34,35,37,38,40} accuracy is 76.1%
Using feature(s) {1,2,3,4,5,6,7,8,9,10,11,12,13,14,16,17,18,20,21,23,24,25,26,27,28,29,31,32,33,34,35,37,38,40} accuracy is 75.2%
Using feature(s) {1,2,3,4,5,6,7,8,9,10,11,12,13,14,15,17,18,20,21,23,24,25,26,27,28,29,31,32,33,34,35,37,38,40} accuracy is 75.2%
Using feature(s) {1,2,3,4,5,6,7,8,9,10,11,12,13,14,15,16,18,20,21,23,24,25,26,27,28,29,31,32,33,34,35,37,38,40} accuracy is 75.7%
Using feature(s) {1,2,3,4,5,6,7,8,9,10,11,12,13,14,15,16,17,20,21,23,24,25,26,27,28,29,31,32,33,34,35,37,38,40} accuracy is 76.8%
Using feature(s) {1,2,3,4,5,6,7,8,9,10,11,12,13,14,15,16,17,18,21,23,24,25,26,27,28,29,31,32,33,34,35,37,38,40} accuracy is 75%
Using feature(s) {1,2,3,4,5,6,7,8,9,10,11,12,13,14,15,16,17,18,20,23,24,25,26,27,28,29,31,32,33,34,35,37,38,40} accuracy is 75.2%
Using feature(s) {1,2,3,4,5,6,7,8,9,10,11,12,13,14,15,16,17,18,20,21,24,25,26,27,28,29,31,32,33,34,35,37,38,40} accuracy is 75.3%
Using feature(s) {1,2,3,4,5,6,7,8,9,10,11,12,13,14,15,16,17,18,20,21,23,25,26,27,28,29,31,32,33,34,35,37,38,40} accuracy is 75.1%
Using feature(s) {1,2,3,4,5,6,7,8,9,10,11,12,13,14,15,16,17,18,20,21,23,24,26,27,28,29,31,32,33,34,35,37,38,40} accuracy is 74.1%
Using feature(s) {1,2,3,4,5,6,7,8,9,10,11,12,13,14,15,16,17,18,20,21,23,24,25,27,28,29,31,32,33,34,35,37,38,40} accuracy is 75.4%
Using feature(s) {1,2,3,4,5,6,7,8,9,10,11,12,13,14,15,16,17,18,20,21,23,24,25,26,28,29,31,32,33,34,35,37,38,40} accuracy is 75%
Using feature(s) {1,2,3,4,5,6,7,8,9,10,11,12,13,14,15,16,17,18,20,21,23,24,25,26,27,29,31,32,33,34,35,37,38,40} accuracy is 75.1%
Using feature(s) {1,2,3,4,5,6,7,8,9,10,11,12,13,14,15,16,17,18,20,21,23,24,25,26,27,28,31,32,33,34,35,37,38,40} accuracy is 73.9%
Using feature(s) {1,2,3,4,5,6,7,8,9,10,11,12,13,14,15,16,17,18,20,21,23,24,25,26,27,28,29,32,33,34,35,37,38,40} accuracy is 75.4%
Using feature(s) {1,2,3,4,5,6,7,8,9,10,11,12,13,14,15,16,17,18,20,21,23,24,25,26,27,28,29,31,33,34,35,37,38,40} accuracy is 76%
Using feature(s) {1,2,3,4,5,6,7,8,9,10,11,12,13,14,15,16,17,18,20,21,23,24,25,26,27,28,29,31,32,34,35,37,38,40} accuracy is 74.5%
Using feature(s) {1,2,3,4,5,6,7,8,9,10,11,12,13,14,15,16,17,18,20,21,23,24,25,26,27,28,29,31,32,33,35,37,38,40} accuracy is 74%
Using feature(s) {1,2,3,4,5,6,7,8,9,10,11,12,13,14,15,16,17,18,20,21,23,24,25,26,27,28,29,31,32,33,34,37,38,40} accuracy is 75.2%
Using feature(s) {1,2,3,4,5,6,7,8,9,10,11,12,13,14,15,16,17,18,20,21,23,24,25,26,27,28,29,31,32,33,34,35,38,40} accuracy is 75.1%
Using feature(s) {1,2,3,4,5,6,7,8,9,10,11,12,13,14,15,16,17,18,20,21,23,24,25,26,27,28,29,31,32,33,34,35,37,40} accuracy is 74.4%
Using feature(s) {1,2,3,4,5,6,7,8,9,10,11,12,13,14,15,16,17,18,20,21,23,24,25,26,27,28,29,31,32,33,34,35,37,38} accuracy is 74.8%
Feature set {1,2,3,4,5,6,7,8,9,10,11,12,13,14,15,16,17,20,21,23,24,25,26,27,28,29,31,32,33,34,35,37,38,40} was best, accuracy is 76.8%
Using feature(s) {2,3,4,5,6,7,8,9,10,11,12,13,14,15,16,17,20,21,23,24,25,26,27,28,29,31,32,33,34,35,37,38,40} accuracy is 74.8%
Using feature(s) {1,3,4,5,6,7,8,9,10,11,12,13,14,15,16,17,20,21,23,24,25,26,27,28,29,31,32,33,34,35,37,38,40} accuracy is 74.8%
Using feature(s) {1,2,4,5,6,7,8,9,10,11,12,13,14,15,16,17,20,21,23,24,25,26,27,28,29,31,32,33,34,35,37,38,40} accuracy is 75.6%
Using feature(s) {1,2,3,5,6,7,8,9,10,11,12,13,14,15,16,17,20,21,23,24,25,26,27,28,29,31,32,33,34,35,37,38,40} accuracy is 76.1%
Using feature(s) {1,2,3,4,6,7,8,9,10,11,12,13,14,15,16,17,20,21,23,24,25,26,27,28,29,31,32,33,34,35,37,38,40} accuracy is 76.3%
Using feature(s) {1,2,3,4,5,7,8,9,10,11,12,13,14,15,16,17,20,21,23,24,25,26,27,28,29,31,32,33,34,35,37,38,40} accuracy is 77.2%
Using feature(s) {1,2,3,4,5,6,8,9,10,11,12,13,14,15,16,17,20,21,23,24,25,26,27,28,29,31,32,33,34,35,37,38,40} accuracy is 75.5%
Using feature(s) {1,2,3,4,5,6,7,9,10,11,12,13,14,15,16,17,20,21,23,24,25,26,27,28,29,31,32,33,34,35,37,38,40} accuracy is 75%
Using feature(s) {1,2,3,4,5,6,7,8,10,11,12,13,14,15,16,17,20,21,23,24,25,26,27,28,29,31,32,33,34,35,37,38,40} accuracy is 76.6%
Using feature(s) {1,2,3,4,5,6,7,8,9,11,12,13,14,15,16,17,20,21,23,24,25,26,27,28,29,31,32,33,34,35,37,38,40} accuracy is 76.4%
Using feature(s) {1,2,3,4,5,6,7,8,9,10,12,13,14,15,16,17,20,21,23,24,25,26,27,28,29,31,32,33,34,35,37,38,40} accuracy is 75.6%
Using feature(s) {1,2,3,4,5,6,7,8,9,10,11,13,14,15,16,17,20,21,23,24,25,26,27,28,29,31,32,33,34,35,37,38,40} accuracy is 75%
Using feature(s) {1,2,3,4,5,6,7,8,9,10,11,12,14,15,16,17,20,21,23,24,25,26,27,28,29,31,32,33,34,35,37,38,40} accuracy is 76.7%
Using feature(s) {1,2,3,4,5,6,7,8,9,10,11,12,13,15,16,17,20,21,23,24,25,26,27,28,29,31,32,33,34,35,37,38,40} accuracy is 76.2%
Using feature(s) {1,2,3,4,5,6,7,8,9,10,11,12,13,14,16,17,20,21,23,24,25,26,27,28,29,31,32,33,34,35,37,38,40} accuracy is 76.1%
Using feature(s) {1,2,3,4,5,6,7,8,9,10,11,12,13,14,15,17,20,21,23,24,25,26,27,28,29,31,32,33,34,35,37,38,40} accuracy is 77%
Using feature(s) {1,2,3,4,5,6,7,8,9,10,11,12,13,14,15,16,20,21,23,24,25,26,27,28,29,31,32,33,34,35,37,38,40} accuracy is 76.1%
Using feature(s) {1,2,3,4,5,6,7,8,9,10,11,12,13,14,15,16,17,21,23,24,25,26,27,28,29,31,32,33,34,35,37,38,40} accuracy is 76.2%
Using feature(s) {1,2,3,4,5,6,7,8,9,10,11,12,13,14,15,16,17,20,23,24,25,26,27,28,29,31,32,33,34,35,37,38,40} accuracy is 74.1%
Using feature(s) {1,2,3,4,5,6,7,8,9,10,11,12,13,14,15,16,17,20,21,24,25,26,27,28,29,31,32,33,34,35,37,38,40} accuracy is 75.6%
Using feature(s) {1,2,3,4,5,6,7,8,9,10,11,12,13,14,15,16,17,20,21,23,25,26,27,28,29,31,32,33,34,35,37,38,40} accuracy is 75.1%
Using feature(s) {1,2,3,4,5,6,7,8,9,10,11,12,13,14,15,16,17,20,21,23,24,26,27,28,29,31,32,33,34,35,37,38,40} accuracy is 75.8%
Using feature(s) {1,2,3,4,5,6,7,8,9,10,11,12,13,14,15,16,17,20,21,23,24,25,27,28,29,31,32,33,34,35,37,38,40} accuracy is 76.2%
Using feature(s) {1,2,3,4,5,6,7,8,9,10,11,12,13,14,15,16,17,20,21,23,24,25,26,28,29,31,32,33,34,35,37,38,40} accuracy is 74.8%
Using feature(s) {1,2,3,4,5,6,7,8,9,10,11,12,13,14,15,16,17,20,21,23,24,25,26,27,29,31,32,33,34,35,37,38,40} accuracy is 76.3%
Using feature(s) {1,2,3,4,5,6,7,8,9,10,11,12,13,14,15,16,17,20,21,23,24,25,26,27,28,31,32,33,34,35,37,38,40} accuracy is 75%
Using feature(s) {1,2,3,4,5,6,7,8,9,10,11,12,13,14,15,16,17,20,21,23,24,25,26,27,28,29,32,33,34,35,37,38,40} accuracy is 75.9%
Using feature(s) {1,2,3,4,5,6,7,8,9,10,11,12,13,14,15,16,17,20,21,23,24,25,26,27,28,29,31,33,34,35,37,38,40} accuracy is 75.5%
Using feature(s) {1,2,3,4,5,6,7,8,9,10,11,12,13,14,15,16,17,20,21,23,24,25,26,27,28,29,31,32,34,35,37,38,40} accuracy is 76%
Using feature(s) {1,2,3,4,5,6,7,8,9,10,11,12,13,14,15,16,17,20,21,23,24,25,26,27,28,29,31,32,33,35,37,38,40} accuracy is 77.3%
Using feature(s) {1,2,3,4,5,6,7,8,9,10,11,12,13,14,15,16,17,20,21,23,24,25,26,27,28,29,31,32,33,34,37,38,40} accuracy is 75.6%
Using feature(s) {1,2,3,4,5,6,7,8,9,10,11,12,13,14,15,16,17,20,21,23,24,25,26,27,28,29,31,32,33,34,35,38,40} accuracy is 75.3%
Using feature(s) {1,2,3,4,5,6,7,8,9,10,11,12,13,14,15,16,17,20,21,23,24,25,26,27,28,29,31,32,33,34,35,37,40} accuracy is 75.3%
Using feature(s) {1,2,3,4,5,6,7,8,9,10,11,12,13,14,15,16,17,20,21,23,24,25,26,27,28,29,31,32,33,34,35,37,38} accuracy is 76.4%
Feature set {1,2,3,4,5,6,7,8,9,10,11,12,13,14,15,16,17,20,21,23,24,25,26,27,28,29,31,32,33,35,37,38,40} was best, accuracy is 77.3%
Using feature(s) {2,3,4,5,6,7,8,9,10,11,12,13,14,15,16,17,20,21,23,24,25,26,27,28,29,31,32,33,35,37,38,40} accuracy is 76.8%
Using feature(s) {1,3,4,5,6,7,8,9,10,11,12,13,14,15,16,17,20,21,23,24,25,26,27,28,29,31,32,33,35,37,38,40} accuracy is 74.9%
Using feature(s) {1,2,4,5,6,7,8,9,10,11,12,13,14,15,16,17,20,21,23,24,25,26,27,28,29,31,32,33,35,37,38,40} accuracy is 77.5%
Using feature(s) {1,2,3,5,6,7,8,9,10,11,12,13,14,15,16,17,20,21,23,24,25,26,27,28,29,31,32,33,35,37,38,40} accuracy is 76%
Using feature(s) {1,2,3,4,6,7,8,9,10,11,12,13,14,15,16,17,20,21,23,24,25,26,27,28,29,31,32,33,35,37,38,40} accuracy is 77%
Using feature(s) {1,2,3,4,5,7,8,9,10,11,12,13,14,15,16,17,20,21,23,24,25,26,27,28,29,31,32,33,35,37,38,40} accuracy is 77.3%
Using feature(s) {1,2,3,4,5,6,8,9,10,11,12,13,14,15,16,17,20,21,23,24,25,26,27,28,29,31,32,33,35,37,38,40} accuracy is 76.6%
Using feature(s) {1,2,3,4,5,6,7,9,10,11,12,13,14,15,16,17,20,21,23,24,25,26,27,28,29,31,32,33,35,37,38,40} accuracy is 75%
Using feature(s) {1,2,3,4,5,6,7,8,10,11,12,13,14,15,16,17,20,21,23,24,25,26,27,28,29,31,32,33,35,37,38,40} accuracy is 77%
Using feature(s) {1,2,3,4,5,6,7,8,9,11,12,13,14,15,16,17,20,21,23,24,25,26,27,28,29,31,32,33,35,37,38,40} accuracy is 76.4%
Using feature(s) {1,2,3,4,5,6,7,8,9,10,12,13,14,15,16,17,20,21,23,24,25,26,27,28,29,31,32,33,35,37,38,40} accuracy is 75.7%
Using feature(s) {1,2,3,4,5,6,7,8,9,10,11,13,14,15,16,17,20,21,23,24,25,26,27,28,29,31,32,33,35,37,38,40} accuracy is 75.5%
Using feature(s) {1,2,3,4,5,6,7,8,9,10,11,12,14,15,16,17,20,21,23,24,25,26,27,28,29,31,32,33,35,37,38,40} accuracy is 77.2%
Using feature(s) {1,2,3,4,5,6,7,8,9,10,11,12,13,15,16,17,20,21,23,24,25,26,27,28,29,31,32,33,35,37,38,40} accuracy is 76.7%
Using feature(s) {1,2,3,4,5,6,7,8,9,10,11,12,13,14,16,17,20,21,23,24,25,26,27,28,29,31,32,33,35,37,38,40} accuracy is 76%
Using feature(s) {1,2,3,4,5,6,7,8,9,10,11,12,13,14,15,17,20,21,23,24,25,26,27,28,29,31,32,33,35,37,38,40} accuracy is 77.1%
Using feature(s) {1,2,3,4,5,6,7,8,9,10,11,12,13,14,15,16,20,21,23,24,25,26,27,28,29,31,32,33,35,37,38,40} accuracy is 77.6%
Using feature(s) {1,2,3,4,5,6,7,8,9,10,11,12,13,14,15,16,17,21,23,24,25,26,27,28,29,31,32,33,35,37,38,40} accuracy is 77.2%
Using feature(s) {1,2,3,4,5,6,7,8,9,10,11,12,13,14,15,16,17,20,23,24,25,26,27,28,29,31,32,33,35,37,38,40} accuracy is 75.5%
Using feature(s) {1,2,3,4,5,6,7,8,9,10,11,12,13,14,15,16,17,20,21,24,25,26,27,28,29,31,32,33,35,37,38,40} accuracy is 75.2%
Using feature(s) {1,2,3,4,5,6,7,8,9,10,11,12,13,14,15,16,17,20,21,23,25,26,27,28,29,31,32,33,35,37,38,40} accuracy is 75.4%
Using feature(s) {1,2,3,4,5,6,7,8,9,10,11,12,13,14,15,16,17,20,21,23,24,26,27,28,29,31,32,33,35,37,38,40} accuracy is 76%
Using feature(s) {1,2,3,4,5,6,7,8,9,10,11,12,13,14,15,16,17,20,21,23,24,25,27,28,29,31,32,33,35,37,38,40} accuracy is 76.3%
Using feature(s) {1,2,3,4,5,6,7,8,9,10,11,12,13,14,15,16,17,20,21,23,24,25,26,28,29,31,32,33,35,37,38,40} accuracy is 75.6%
Using feature(s) {1,2,3,4,5,6,7,8,9,10,11,12,13,14,15,16,17,20,21,23,24,25,26,27,29,31,32,33,35,37,38,40} accuracy is 76.6%
Using feature(s) {1,2,3,4,5,6,7,8,9,10,11,12,13,14,15,16,17,20,21,23,24,25,26,27,28,31,32,33,35,37,38,40} accuracy is 75.8%
Using feature(s) {1,2,3,4,5,6,7,8,9,10,11,12,13,14,15,16,17,20,21,23,24,25,26,27,28,29,32,33,35,37,38,40} accuracy is 76.2%
Using feature(s) {1,2,3,4,5,6,7,8,9,10,11,12,13,14,15,16,17,20,21,23,24,25,26,27,28,29,31,33,35,37,38,40} accuracy is 77%
Using feature(s) {1,2,3,4,5,6,7,8,9,10,11,12,13,14,15,16,17,20,21,23,24,25,26,27,28,29,31,32,35,37,38,40} accuracy is 77.2%
Using feature(s) {1,2,3,4,5,6,7,8,9,10,11,12,13,14,15,16,17,20,21,23,24,25,26,27,28,29,31,32,33,37,38,40} accuracy is 75.9%
Using feature(s) {1,2,3,4,5,6,7,8,9,10,11,12,13,14,15,16,17,20,21,23,24,25,26,27,28,29,31,32,33,35,38,40} accuracy is 74.6%
Using feature(s) {1,2,3,4,5,6,7,8,9,10,11,12,13,14,15,16,17,20,21,23,24,25,26,27,28,29,31,32,33,35,37,40} accuracy is 75.2%
Using feature(s) {1,2,3,4,5,6,7,8,9,10,11,12,13,14,15,16,17,20,21,23,24,25,26,27,28,29,31,32,33,35,37,38} accuracy is 76%
Feature set {1,2,3,4,5,6,7,8,9,10,11,12,13,14,15,16,20,21,23,24,25,26,27,28,29,31,32,33,35,37,38,40} was best, accuracy is 77.6%
Using feature(s) {2,3,4,5,6,7,8,9,10,11,12,13,14,15,16,20,21,23,24,25,26,27,28,29,31,32,33,35,37,38,40} accuracy is 77.3%
Using feature(s) {1,3,4,5,6,7,8,9,10,11,12,13,14,15,16,20,21,23,24,25,26,27,28,29,31,32,33,35,37,38,40} accuracy is 74.8%
Using feature(s) {1,2,4,5,6,7,8,9,10,11,12,13,14,15,16,20,21,23,24,25,26,27,28,29,31,32,33,35,37,38,40} accuracy is 77.6%
Using feature(s) {1,2,3,5,6,7,8,9,10,11,12,13,14,15,16,20,21,23,24,25,26,27,28,29,31,32,33,35,37,38,40} accuracy is 75.1%
Using feature(s) {1,2,3,4,6,7,8,9,10,11,12,13,14,15,16,20,21,23,24,25,26,27,28,29,31,32,33,35,37,38,40} accuracy is 75.9%
Using feature(s) {1,2,3,4,5,7,8,9,10,11,12,13,14,15,16,20,21,23,24,25,26,27,28,29,31,32,33,35,37,38,40} accuracy is 76.8%
Using feature(s) {1,2,3,4,5,6,8,9,10,11,12,13,14,15,16,20,21,23,24,25,26,27,28,29,31,32,33,35,37,38,40} accuracy is 76.4%
Using feature(s) {1,2,3,4,5,6,7,9,10,11,12,13,14,15,16,20,21,23,24,25,26,27,28,29,31,32,33,35,37,38,40} accuracy is 75.1%
Using feature(s) {1,2,3,4,5,6,7,8,10,11,12,13,14,15,16,20,21,23,24,25,26,27,28,29,31,32,33,35,37,38,40} accuracy is 76.4%
Using feature(s) {1,2,3,4,5,6,7,8,9,11,12,13,14,15,16,20,21,23,24,25,26,27,28,29,31,32,33,35,37,38,40} accuracy is 75%
Using feature(s) {1,2,3,4,5,6,7,8,9,10,12,13,14,15,16,20,21,23,24,25,26,27,28,29,31,32,33,35,37,38,40} accuracy is 75%
Using feature(s) {1,2,3,4,5,6,7,8,9,10,11,13,14,15,16,20,21,23,24,25,26,27,28,29,31,32,33,35,37,38,40} accuracy is 75.1%
Using feature(s) {1,2,3,4,5,6,7,8,9,10,11,12,14,15,16,20,21,23,24,25,26,27,28,29,31,32,33,35,37,38,40} accuracy is 77.9%
Using feature(s) {1,2,3,4,5,6,7,8,9,10,11,12,13,15,16,20,21,23,24,25,26,27,28,29,31,32,33,35,37,38,40} accuracy is 77.1%
Using feature(s) {1,2,3,4,5,6,7,8,9,10,11,12,13,14,16,20,21,23,24,25,26,27,28,29,31,32,33,35,37,38,40} accuracy is 76.1%
Using feature(s) {1,2,3,4,5,6,7,8,9,10,11,12,13,14,15,20,21,23,24,25,26,27,28,29,31,32,33,35,37,38,40} accuracy is 75.7%
Using feature(s) {1,2,3,4,5,6,7,8,9,10,11,12,13,14,15,16,21,23,24,25,26,27,28,29,31,32,33,35,37,38,40} accuracy is 77%
Using feature(s) {1,2,3,4,5,6,7,8,9,10,11,12,13,14,15,16,20,23,24,25,26,27,28,29,31,32,33,35,37,38,40} accuracy is 75.3%
Using feature(s) {1,2,3,4,5,6,7,8,9,10,11,12,13,14,15,16,20,21,24,25,26,27,28,29,31,32,33,35,37,38,40} accuracy is 75.9%
Using feature(s) {1,2,3,4,5,6,7,8,9,10,11,12,13,14,15,16,20,21,23,25,26,27,28,29,31,32,33,35,37,38,40} accuracy is 76.1%
Using feature(s) {1,2,3,4,5,6,7,8,9,10,11,12,13,14,15,16,20,21,23,24,26,27,28,29,31,32,33,35,37,38,40} accuracy is 76.5%
Using feature(s) {1,2,3,4,5,6,7,8,9,10,11,12,13,14,15,16,20,21,23,24,25,27,28,29,31,32,33,35,37,38,40} accuracy is 76%
Using feature(s) {1,2,3,4,5,6,7,8,9,10,11,12,13,14,15,16,20,21,23,24,25,26,28,29,31,32,33,35,37,38,40} accuracy is 76%
Using feature(s) {1,2,3,4,5,6,7,8,9,10,11,12,13,14,15,16,20,21,23,24,25,26,27,29,31,32,33,35,37,38,40} accuracy is 76.1%
Using feature(s) {1,2,3,4,5,6,7,8,9,10,11,12,13,14,15,16,20,21,23,24,25,26,27,28,31,32,33,35,37,38,40} accuracy is 77.4%
Using feature(s) {1,2,3,4,5,6,7,8,9,10,11,12,13,14,15,16,20,21,23,24,25,26,27,28,29,32,33,35,37,38,40} accuracy is 76.4%
Using feature(s) {1,2,3,4,5,6,7,8,9,10,11,12,13,14,15,16,20,21,23,24,25,26,27,28,29,31,33,35,37,38,40} accuracy is 77.1%
Using feature(s) {1,2,3,4,5,6,7,8,9,10,11,12,13,14,15,16,20,21,23,24,25,26,27,28,29,31,32,35,37,38,40} accuracy is 76.8%
Using feature(s) {1,2,3,4,5,6,7,8,9,10,11,12,13,14,15,16,20,21,23,24,25,26,27,28,29,31,32,33,37,38,40} accuracy is 76.1%
Using feature(s) {1,2,3,4,5,6,7,8,9,10,11,12,13,14,15,16,20,21,23,24,25,26,27,28,29,31,32,33,35,38,40} accuracy is 74.1%
Using feature(s) {1,2,3,4,5,6,7,8,9,10,11,12,13,14,15,16,20,21,23,24,25,26,27,28,29,31,32,33,35,37,40} accuracy is 76%
Using feature(s) {1,2,3,4,5,6,7,8,9,10,11,12,13,14,15,16,20,21,23,24,25,26,27,28,29,31,32,33,35,37,38} accuracy is 76%
Feature set {1,2,3,4,5,6,7,8,9,10,11,12,14,15,16,20,21,23,24,25,26,27,28,29,31,32,33,35,37,38,40} was best, accuracy is 77.9%
Using feature(s) {2,3,4,5,6,7,8,9,10,11,12,14,15,16,20,21,23,24,25,26,27,28,29,31,32,33,35,37,38,40} accuracy is 77.3%
Using feature(s) {1,3,4,5,6,7,8,9,10,11,12,14,15,16,20,21,23,24,25,26,27,28,29,31,32,33,35,37,38,40} accuracy is 76.5%
Using feature(s) {1,2,4,5,6,7,8,9,10,11,12,14,15,16,20,21,23,24,25,26,27,28,29,31,32,33,35,37,38,40} accuracy is 77.7%
Using feature(s) {1,2,3,5,6,7,8,9,10,11,12,14,15,16,20,21,23,24,25,26,27,28,29,31,32,33,35,37,38,40} accuracy is 76.1%
Using feature(s) {1,2,3,4,6,7,8,9,10,11,12,14,15,16,20,21,23,24,25,26,27,28,29,31,32,33,35,37,38,40} accuracy is 76.4%
Using feature(s) {1,2,3,4,5,7,8,9,10,11,12,14,15,16,20,21,23,24,25,26,27,28,29,31,32,33,35,37,38,40} accuracy is 77.4%
Using feature(s) {1,2,3,4,5,6,8,9,10,11,12,14,15,16,20,21,23,24,25,26,27,28,29,31,32,33,35,37,38,40} accuracy is 77%
Using feature(s) {1,2,3,4,5,6,7,9,10,11,12,14,15,16,20,21,23,24,25,26,27,28,29,31,32,33,35,37,38,40} accuracy is 75.2%
Using feature(s) {1,2,3,4,5,6,7,8,10,11,12,14,15,16,20,21,23,24,25,26,27,28,29,31,32,33,35,37,38,40} accuracy is 78%
Using feature(s) {1,2,3,4,5,6,7,8,9,11,12,14,15,16,20,21,23,24,25,26,27,28,29,31,32,33,35,37,38,40} accuracy is 76.2%
Using feature(s) {1,2,3,4,5,6,7,8,9,10,12,14,15,16,20,21,23,24,25,26,27,28,29,31,32,33,35,37,38,40} accuracy is 76.7%
Using feature(s) {1,2,3,4,5,6,7,8,9,10,11,14,15,16,20,21,23,24,25,26,27,28,29,31,32,33,35,37,38,40} accuracy is 75.1%
Using feature(s) {1,2,3,4,5,6,7,8,9,10,11,12,15,16,20,21,23,24,25,26,27,28,29,31,32,33,35,37,38,40} accuracy is 76.8%
Using feature(s) {1,2,3,4,5,6,7,8,9,10,11,12,14,16,20,21,23,24,25,26,27,28,29,31,32,33,35,37,38,40} accuracy is 76.3%
Using feature(s) {1,2,3,4,5,6,7,8,9,10,11,12,14,15,20,21,23,24,25,26,27,28,29,31,32,33,35,37,38,40} accuracy is 76.2%
Using feature(s) {1,2,3,4,5,6,7,8,9,10,11,12,14,15,16,21,23,24,25,26,27,28,29,31,32,33,35,37,38,40} accuracy is 76%
Using feature(s) {1,2,3,4,5,6,7,8,9,10,11,12,14,15,16,20,23,24,25,26,27,28,29,31,32,33,35,37,38,40} accuracy is 74.8%
Using feature(s) {1,2,3,4,5,6,7,8,9,10,11,12,14,15,16,20,21,24,25,26,27,28,29,31,32,33,35,37,38,40} accuracy is 76.3%
Using feature(s) {1,2,3,4,5,6,7,8,9,10,11,12,14,15,16,20,21,23,25,26,27,28,29,31,32,33,35,37,38,40} accuracy is 75.6%
Using feature(s) {1,2,3,4,5,6,7,8,9,10,11,12,14,15,16,20,21,23,24,26,27,28,29,31,32,33,35,37,38,40} accuracy is 76.4%
Using feature(s) {1,2,3,4,5,6,7,8,9,10,11,12,14,15,16,20,21,23,24,25,27,28,29,31,32,33,35,37,38,40} accuracy is 76.4%
Using feature(s) {1,2,3,4,5,6,7,8,9,10,11,12,14,15,16,20,21,23,24,25,26,28,29,31,32,33,35,37,38,40} accuracy is 75.2%
Using feature(s) {1,2,3,4,5,6,7,8,9,10,11,12,14,15,16,20,21,23,24,25,26,27,29,31,32,33,35,37,38,40} accuracy is 77.2%
Using feature(s) {1,2,3,4,5,6,7,8,9,10,11,12,14,15,16,20,21,23,24,25,26,27,28,31,32,33,35,37,38,40} accuracy is 75.9%
Using feature(s) {1,2,3,4,5,6,7,8,9,10,11,12,14,15,16,20,21,23,24,25,26,27,28,29,32,33,35,37,38,40} accuracy is 76.8%
Using feature(s) {1,2,3,4,5,6,7,8,9,10,11,12,14,15,16,20,21,23,24,25,26,27,28,29,31,33,35,37,38,40} accuracy is 76.4%
Using feature(s) {1,2,3,4,5,6,7,8,9,10,11,12,14,15,16,20,21,23,24,25,26,27,28,29,31,32,35,37,38,40} accuracy is 75.5%
Using feature(s) {1,2,3,4,5,6,7,8,9,10,11,12,14,15,16,20,21,23,24,25,26,27,28,29,31,32,33,37,38,40} accuracy is 75.6%
Using feature(s) {1,2,3,4,5,6,7,8,9,10,11,12,14,15,16,20,21,23,24,25,26,27,28,29,31,32,33,35,38,40} accuracy is 75.8%
Using feature(s) {1,2,3,4,5,6,7,8,9,10,11,12,14,15,16,20,21,23,24,25,26,27,28,29,31,32,33,35,37,40} accuracy is 75.1%
Using feature(s) {1,2,3,4,5,6,7,8,9,10,11,12,14,15,16,20,21,23,24,25,26,27,28,29,31,32,33,35,37,38} accuracy is 76.1%
Feature set {1,2,3,4,5,6,7,8,10,11,12,14,15,16,20,21,23,24,25,26,27,28,29,31,32,33,35,37,38,40} was best, accuracy is 78%
Using feature(s) {2,3,4,5,6,7,8,10,11,12,14,15,16,20,21,23,24,25,26,27,28,29,31,32,33,35,37,38,40} accuracy is 77.3%
Using feature(s) {1,3,4,5,6,7,8,10,11,12,14,15,16,20,21,23,24,25,26,27,28,29,31,32,33,35,37,38,40} accuracy is 77.1%
Using feature(s) {1,2,4,5,6,7,8,10,11,12,14,15,16,20,21,23,24,25,26,27,28,29,31,32,33,35,37,38,40} accuracy is 77.4%
Using feature(s) {1,2,3,5,6,7,8,10,11,12,14,15,16,20,21,23,24,25,26,27,28,29,31,32,33,35,37,38,40} accuracy is 76.7%
Using feature(s) {1,2,3,4,6,7,8,10,11,12,14,15,16,20,21,23,24,25,26,27,28,29,31,32,33,35,37,38,40} accuracy is 77.6%
Using feature(s) {1,2,3,4,5,7,8,10,11,12,14,15,16,20,21,23,24,25,26,27,28,29,31,32,33,35,37,38,40} accuracy is 77.5%
Using feature(s) {1,2,3,4,5,6,8,10,11,12,14,15,16,20,21,23,24,25,26,27,28,29,31,32,33,35,37,38,40} accuracy is 76.5%
Using feature(s) {1,2,3,4,5,6,7,10,11,12,14,15,16,20,21,23,24,25,26,27,28,29,31,32,33,35,37,38,40} accuracy is 77.2%
Using feature(s) {1,2,3,4,5,6,7,8,11,12,14,15,16,20,21,23,24,25,26,27,28,29,31,32,33,35,37,38,40} accuracy is 75.3%
Using feature(s) {1,2,3,4,5,6,7,8,10,12,14,15,16,20,21,23,24,25,26,27,28,29,31,32,33,35,37,38,40} accuracy is 77.3%
Using feature(s) {1,2,3,4,5,6,7,8,10,11,14,15,16,20,21,23,24,25,26,27,28,29,31,32,33,35,37,38,40} accuracy is 75.2%
Using feature(s) {1,2,3,4,5,6,7,8,10,11,12,15,16,20,21,23,24,25,26,27,28,29,31,32,33,35,37,38,40} accuracy is 76%
Using feature(s) {1,2,3,4,5,6,7,8,10,11,12,14,16,20,21,23,24,25,26,27,28,29,31,32,33,35,37,38,40} accuracy is 76.7%
Using feature(s) {1,2,3,4,5,6,7,8,10,11,12,14,15,20,21,23,24,25,26,27,28,29,31,32,33,35,37,38,40} accuracy is 77%
Using feature(s) {1,2,3,4,5,6,7,8,10,11,12,14,15,16,21,23,24,25,26,27,28,29,31,32,33,35,37,38,40} accuracy is 75.4%
Using feature(s) {1,2,3,4,5,6,7,8,10,11,12,14,15,16,20,23,24,25,26,27,28,29,31,32,33,35,37,38,40} accuracy is 75.7%
Using feature(s) {1,2,3,4,5,6,7,8,10,11,12,14,15,16,20,21,24,25,26,27,28,29,31,32,33,35,37,38,40} accuracy is 77%
Using feature(s) {1,2,3,4,5,6,7,8,10,11,12,14,15,16,20,21,23,25,26,27,28,29,31,32,33,35,37,38,40} accuracy is 75.8%
Using feature(s) {1,2,3,4,5,6,7,8,10,11,12,14,15,16,20,21,23,24,26,27,28,29,31,32,33,35,37,38,40} accuracy is 76.8%
Using feature(s) {1,2,3,4,5,6,7,8,10,11,12,14,15,16,20,21,23,24,25,27,28,29,31,32,33,35,37,38,40} accuracy is 76.2%
Using feature(s) {1,2,3,4,5,6,7,8,10,11,12,14,15,16,20,21,23,24,25,26,28,29,31,32,33,35,37,38,40} accuracy is 74.7%
Using feature(s) {1,2,3,4,5,6,7,8,10,11,12,14,15,16,20,21,23,24,25,26,27,29,31,32,33,35,37,38,40} accuracy is 76.9%
Using feature(s) {1,2,3,4,5,6,7,8,10,11,12,14,15,16,20,21,23,24,25,26,27,28,31,32,33,35,37,38,40} accuracy is 76.4%
Using feature(s) {1,2,3,4,5,6,7,8,10,11,12,14,15,16,20,21,23,24,25,26,27,28,29,32,33,35,37,38,40} accuracy is 76.1%
Using feature(s) {1,2,3,4,5,6,7,8,10,11,12,14,15,16,20,21,23,24,25,26,27,28,29,31,33,35,37,38,40} accuracy is 77.9%
Using feature(s) {1,2,3,4,5,6,7,8,10,11,12,14,15,16,20,21,23,24,25,26,27,28,29,31,32,35,37,38,40} accuracy is 76.2%
Using feature(s) {1,2,3,4,5,6,7,8,10,11,12,14,15,16,20,21,23,24,25,26,27,28,29,31,32,33,37,38,40} accuracy is 76%
Using feature(s) {1,2,3,4,5,6,7,8,10,11,12,14,15,16,20,21,23,24,25,26,27,28,29,31,32,33,35,38,40} accuracy is 76.2%
Using feature(s) {1,2,3,4,5,6,7,8,10,11,12,14,15,16,20,21,23,24,25,26,27,28,29,31,32,33,35,37,40} accuracy is 76.3%
Using feature(s) {1,2,3,4,5,6,7,8,10,11,12,14,15,16,20,21,23,24,25,26,27,28,29,31,32,33,35,37,38} accuracy is 76.3%
Finished search!! The best feature subset is {1,2,3,4,5,6,7,8,10,11,12,14,15,16,20,21,23,24,25,26,27,28,29,31,32,33,35,37,38,40}, which has an accuracy of 78%

